1 110 150 290 330 0 850 900 
2 110 150 320 360 0 850 900 
3 110 150 300 350 0 850 900 
4 110 150 300 350 0 850 900 
5 110 150 330 360 0 850 900 
6 110 150 300 350 0 850 900 
7 110 150 300 340 380 850 900
8 110 150 300 350 400 800 850
9 110 150 300 350 0 850 900
10 110 150 300 340 380 850 900
11 110 150 300 330 0 850 880
12 110 150 300 330 0 850 900
13 110 150 300 330 0 850 900
14 110 150 300 330 0 800 850
15 110 150 300 330 0 850 900
16 110 150 300 330 0 850 900
17 110 150 300 330 0 750 830
18 110 150 300 330 0 850 900
