1 110 140 270 300 0 850 880 
2 110 140 320 350 0 870 920 
3 110 140 340 370 0 890 940 
4 110 140 360 390 0 905 935
5 110 140 320 350 0 900 930 
6 110 140 290 320 0 880 910
7 110 140 280 310 350 850 880
8 110 140 340 370 410 830 860
9 110 140 310 360 0 850 880 
10 110 140 330 360 400 850 880
11 110 140 310 340 0 855 885
12 110 140 250 280 0 870 910
13 110 140 250 280 0 850 880
14 110 140 260 290 0 800 830
15 110 140 320 350 0 920 960 
16 110 140 350 380 0 830 870
17 110 140 260 290 0 780 810
18 110 140 280 310 0 830 860
