1 110 150 250 300 0 850 900 
2 110 150 300 350 0 850 900 
3 110 150 740 780 0 850 900
4 110 150 800 820 0 900 950 
5 110 150 740 780 0 850 900 
6 110 150 740 780 0 850 900 
7 110 150 250 300 350 850 900
8 100 140 290 330 380 800 850
9 110 150 740 780 0 850 900
10 110 150 280 320 370 850 900
11 110 150 740 780 0 850 900
12 110 150 250 300 0 850 900
13 110 150 250 300 0 850 900
14 110 150 250 300 0 800 850
15 110 150 740 780 0 850 900
16 110 150 310 350 0 850 900
17 110 150 250 300 0 800 850
18 110 150 250 300 0 800 850
