1 110 150 280 310 0 850 900 
2 110 150 310 350 0 850 900 
3 110 150 280 325 0 850 900 
4 110 150 340 390 0 850 900 
5 110 150 320 350 0 850 900 
6 110 150 300 350 0 850 900 
7 110 150 300 330 370 850 900
8 110 150 340 360 400 800 850
9 110 150 300 350 0 850 880
10 110 150 300 330 375 850 900
11 110 150 250 300 0 850 900
12 110 150 290 330 0 850 900
13 110 150 280 310 0 880 920
14 110 150 280 310 0 800 850
15 110 150 280 330 0 850 900
16 110 150 300 330 0 850 900
17 110 150 250 300 0 790 820
18 110 150 280 310 0 850 900
