1 110 150 250 300 0 850 900 
2 110 150 300 350 0 850 900 
3 110 150 300 350 0 850 900 
4 110 150 300 350 0 900 950 
5 110 150 300 350 0 900 950 
6 110 150 300 350 0 880 930 
7 100 140 290 330 375 850 900
8 110 150 300 350 400 850 900
9 110 150 300 350 0 850 900
10 100 130 290 320 370 850 900
11 110 150 270 300 0 850 900
12 110 150 270 300 0 850 900
13 110 150 270 300 0 850 900
14 110 150 280 320 0 800 850
15 110 150 280 320 0 890 940
16 110 150 280 320 0 850 900
17 110 150 250 300 0 800 850
18 110 150 250 300 0 850 900
